255 255 255 255 255 255 255 255 255 255 255 255 255 255 255 255
255 255 255 255 255 255 255 255 255 255 255 255 255 255 255 255
255 255 255 255 255 255 255 255 255 255 255 255 255 255 255 255
255 255 255   0   0   0   0   0   0   0   0   0   0 255 255 255
255 255 255   0   0 248 248 248   0 248 248 248   0 255 255 255
255 255 255   0 248 248 248   0 248   0   0   0   0 255 255 255
255 255 255   0 248 248 248   0 248   0   0   0   0 255 255 255
255 255 255   0   0   0   0 248 248   0   0   0   0 255 255 255
255 255 255   0 248   0   0 248   0   0   0 248   0 255 255 255
255 255 255   0   0 248 248 248   0   0   0   0   0 255 255 255
255 255 255   0   0 248 248 248   0   0   0   0   0 255 255 255
255 255 255   0 248   0   0   0   0 248 248   0   0 255 255 255
255 255 255   0   0   0   0   0   0   0   0   0   0 255 255 255
255 255 255 255 255 255 255 255 255 255 255 255 255 255 255 255
255 255 255 255 255 255 255 255 255 255 255 255 255 255 255 255
255 255 255 255 255 255 255 255 255 255 255 255 255 255 255 255
255 255 255 255 255 255 255 255 255 255 255 255 255 255 255 255
255 255 255 255 255 255 255 255 255 255 255 255 255 255 255 255
255 255 255 255 255 255 255 255 255 255 255 255 255 255 255 255
255 255 255   0   0   0   0   0   0   0   0   0   0 255 255 255
255 255 255   0   0 252 252 252   0 252 252 252   0 255 255 255
255 255 255   0 252 252 252   0 252   0   0   0   0 255 255 255
255 255 255   0 252 252 252   0 252   0   0   0   0 255 255 255
255 255 255   0   0   0   0 252 252   0   0   0   0 255 255 255
255 255 255   0 252   0   0 252   0   0   0 252   0 255 255 255
255 255 255   0   0 252 252 252   0   0   0   0   0 255 255 255
255 255 255   0   0 252 252 252   0   0   0   0   0 255 255 255
255 255 255   0 252   0   0   0   0 252 252   0   0 255 255 255
255 255 255   0   0   0   0   0   0   0   0   0   0 255 255 255
255 255 255 255 255 255 255 255 255 255 255 255 255 255 255 255
255 255 255 255 255 255 255 255 255 255 255 255 255 255 255 255
255 255 255 255 255 255 255 255 255 255 255 255 255 255 255 255
255 255 255 255 255 255 255 255 255 255 255 255 255 255 255 255
255 255 255 255 255 255 255 255 255 255 255 255 255 255 255 255
255 255 255 255 255 255 255 255 255 255 255 255 255 255 255 255
255 255 255   0   0   0   0   0   0   0   0   0   0 255 255 255
255 255 255   0   0 247 247 247   0 247 247 247   0 255 255 255
255 255 255   0 247 247 247   0 247   0   0   0   0 255 255 255
255 255 255   0 247 247 247   0 247   0   0   0   0 255 255 255
255 255 255   0   0   0   0 247 247   0   0   0   0 255 255 255
255 255 255   0 247   0   0 247   0   0   0 247   0 255 255 255
255 255 255   0   0 247 247 247   0   0   0   0   0 255 255 255
255 255 255   0   0 247 247 247   0   0   0   0   0 255 255 255
255 255 255   0 247   0   0   0   0 247 247   0   0 255 255 255
255 255 255   0   0   0   0   0   0   0   0   0   0 255 255 255
255 255 255 255 255 255 255 255 255 255 255 255 255 255 255 255
255 255 255 255 255 255 255 255 255 255 255 255 255 255 255 255
255 255 255 255 255 255 255 255 255 255 255 255 255 255 255 255

255 255 255 255 255 255 255 255 255 255 255 255 255 255 255 255
255 255 255 255 255 255 255 255 255 255 255 255 255 255 255 255
255 255 222 164 164 164 164 164 164 164 164 164 164 222 255 255
255 255 164   3  26   6   0   2  24   9   0   0   0 164 255 255
255 255 164  26 248  54   0  19 228  87   0   0   0 164 255 255
255 255 164  26 248  54   0   4  50  19  42 194  20 164 255 255
255 255 164  17 161 103  87  80   7   0  35 161  17 164 255 255
255 255 164   2  19 183 235 230  37  19  15   0   0 164 255 255
255 255 164  24 228  65 100 246 230 228 178   0   0 164 255 255
255 255 164  26 248 180 135  87  87 192 194   0   0 164 255 255
255 255 164  20 194 236 161   4  50 145 163  54   6 164 255 255
255 255 164   0   0 194 161  19 228  87  54 248  26 164 255 255
255 255 164   0   0  20  17   2  24   9   6  26   3 164 255 255
255 255 222 164 164 164 164 164 164 164 164 164 164 222 255 255
255 255 255 255 255 255 255 255 255 255 255 255 255 255 255 255
255 255 255 255 255 255 255 255 255 255 255 255 255 255 255 255
255 255 255 255 255 255 255 255 255 255 255 255 255 255 255 255
255 255 255 255 255 255 255 255 255 255 255 255 255 255 255 255
255 255 222 164 164 164 164 164 164 164 164 164 164 222 255 255
255 255 164   3  26   6   0   2  24   9   0   0   0 164 255 255
255 255 164  26 252  55   0  20 232  89   0   0   0 164 255 255
255 255 164  26 252  55   0   4  51  19  43 197  20 164 255 255
255 255 164  17 163 105  89  82   7   0  36 163  17 164 255 255
255 255 164   2  20 186 239 234  38  20  15   0   0 164 255 255
255 255 164  24 232  66 101 250 234 232 181   0   0 164 255 255
255 255 164  26 252 183 137  89  89 194 197   0   0 164 255 255
255 255 164  20 197 240 163   4  51 147 166  55   6 164 255 255
255 255 164   0   0 197 163  20 232  89  55 252  26 164 255 255
255 255 164   0   0  20  17   2  24   9   6  26   3 164 255 255
255 255 222 164 164 164 164 164 164 164 164 164 164 222 255 255
255 255 255 255 255 255 255 255 255 255 255 255 255 255 255 255
255 255 255 255 255 255 255 255 255 255 255 255 255 255 255 255
255 255 255 255 255 255 255 255 255 255 255 255 255 255 255 255
255 255 255 255 255 255 255 255 255 255 255 255 255 255 255 255
255 255 222 164 164 164 164 164 164 164 164 164 164 222 255 255
255 255 164   3  26   6   0   2  24   9   0   0   0 164 255 255
255 255 164  26 247  54   0  19 228  88   0   0   0 164 255 255
255 255 164  26 247  54   0   4  50  19  42 193  20 164 255 255
255 255 164  17 161 104  88  81   7   0  35 161  17 164 255 255
255 255 164   2  19 182 235 229  37  19  15   0   0 164 255 255
255 255 164  24 228  65 100 246 229 228 178   0   0 164 255 255
255 255 164  26 247 180 135  88  88 191 193   0   0 164 255 255
255 255 164  20 193 235 161   4  50 145 163  54   6 164 255 255
255 255 164   0   0 193 161  19 228  88  54 247  26 164 255 255
255 255 164   0   0  20  17   2  24   9   6  26   3 164 255 255
255 255 222 164 164 164 164 164 164 164 164 164 164 222 255 255
255 255 255 255 255 255 255 255 255 255 255 255 255 255 255 255
255 255 255 255 255 255 255 255 255 255 255 255 255 255 255 255

255 255 255 255 255 255 255 255 255 255 255 255 255 255 255 255
255 255 255 255 255 255 255 255 255 255 255 255 255 255 255 255
255 255 222 164 164 164 164 164 164 164 164 164 164 222 255 255
255 255 164   0   0  20  17   0   0   0   6  26   3 164 255 255
255 255 164   0   0 194 161   0   0   0  54 248  26 164 255 255
255 255 164   0   0  42  35  15 178 194 163  54   6 164 255 255
255 255 164   9  87  19   0  19 228 192 145  87   9 164 255 255
255 255 164  24 228  50   7  37 230  87  50 228  24 164 255 255
255 255 164   2  19   4  80 230 246  87   4  19   2 164 255 255
255 255 164   0   0   0  87 235 100 135 161 161  17 164 255 255
255 255 164   6  54  54 103 183  65 180 236 194  20 164 255 255
255 255 164  26 248 248 161  19 228 248 194   0   0 164 255 255
255 255 164   3  26  26  17   2  24  26  20   0   0 164 255 255
255 255 222 164 164 164 164 164 164 164 164 164 164 222 255 255
255 255 255 255 255 255 255 255 255 255 255 255 255 255 255 255
255 255 255 255 255 255 255 255 255 255 255 255 255 255 255 255
255 255 255 255 255 255 255 255 255 255 255 255 255 255 255 255
255 255 255 255 255 255 255 255 255 255 255 255 255 255 255 255
255 255 222 164 164 164 164 164 164 164 164 164 164 222 255 255
255 255 164   0   0  20  17   0   0   0   6  26   3 164 255 255
255 255 164   0   0 197 163   0   0   0  55 252  26 164 255 255
255 255 164   0   0  43  36  15 181 197 166  55   6 164 255 255
255 255 164   9  89  19   0  20 232 194 147  89   9 164 255 255
255 255 164  24 232  51   7  38 234  89  51 232  24 164 255 255
255 255 164   2  20   4  82 234 250  89   4  20   2 164 255 255
255 255 164   0   0   0  89 239 101 137 163 163  17 164 255 255
255 255 164   6  55  55 105 186  66 183 240 197  20 164 255 255
255 255 164  26 252 252 163  20 232 252 197   0   0 164 255 255
255 255 164   3  26  26  17   2  24  26  20   0   0 164 255 255
255 255 222 164 164 164 164 164 164 164 164 164 164 222 255 255
255 255 255 255 255 255 255 255 255 255 255 255 255 255 255 255
255 255 255 255 255 255 255 255 255 255 255 255 255 255 255 255
255 255 255 255 255 255 255 255 255 255 255 255 255 255 255 255
255 255 255 255 255 255 255 255 255 255 255 255 255 255 255 255
255 255 222 164 164 164 164 164 164 164 164 164 164 222 255 255
255 255 164   0   0  20  17   0   0   0   6  26   3 164 255 255
255 255 164   0   0 193 161   0   0   0  54 247  26 164 255 255
255 255 164   0   0  42  35  15 178 193 163  54   6 164 255 255
255 255 164   9  88  19   0  19 228 191 145  88   9 164 255 255
255 255 164  24 228  50   7  37 229  88  50 228  24 164 255 255
255 255 164   2  19   4  81 229 246  88   4  19   2 164 255 255
255 255 164   0   0   0  88 235 100 135 161 161  17 164 255 255
255 255 164   6  54  54 104 182  65 180 235 193  20 164 255 255
255 255 164  26 247 247 161  19 228 247 193   0   0 164 255 255
255 255 164   3  26  26  17   2  24  26  20   0   0 164 255 255
255 255 222 164 164 164 164 164 164 164 164 164 164 222 255 255
255 255 255 255 255 255 255 255 255 255 255 255 255 255 255 255
255 255 255 255 255 255 255 255 255 255 255 255 255 255 255 255

255 255 255 255 255 255 255 255 255 255 255 255 255 255 255 255
255 255 255 255 255 255 255 255 255 255 255 255 255 255 255 255
255 255 222 164 164 164 164 164 164 164 164 164 164 222 255 255
255 255 164   3  26   6   9  24   2  17  20   0   0 164 255 255
255 255 164  26 248  54  87 228  19 161 194   0   0 164 255 255
255 255 164   6  54 163 145  50   4 161 236 194  20 164 255 255
255 255 164   0   0 194 192  87  87 135 180 248  26 164 255 255
255 255 164   0   0 178 228 230 246 100  65 228  24 164 255 255
255 255 164   0   0  15  19  37 230 235 183  19   2 164 255 255
255 255 164  17 161  35   0   7  80  87 103 161  17 164 255 255
255 255 164  20 194  42  19  50   4   0  54 248  26 164 255 255
255 255 164   0   0   0  87 228  19   0  54 248  26 164 255 255
255 255 164   0   0   0   9  24   2   0   6  26   3 164 255 255
255 255 222 164 164 164 164 164 164 164 164 164 164 222 255 255
255 255 255 255 255 255 255 255 255 255 255 255 255 255 255 255
255 255 255 255 255 255 255 255 255 255 255 255 255 255 255 255
255 255 255 255 255 255 255 255 255 255 255 255 255 255 255 255
255 255 255 255 255 255 255 255 255 255 255 255 255 255 255 255
255 255 222 164 164 164 164 164 164 164 164 164 164 222 255 255
255 255 164   3  26   6   9  24   2  17  20   0   0 164 255 255
255 255 164  26 252  55  89 232  20 163 197   0   0 164 255 255
255 255 164   6  55 166 147  51   4 163 240 197  20 164 255 255
255 255 164   0   0 197 194  89  89 137 183 252  26 164 255 255
255 255 164   0   0 181 232 234 250 101  66 232  24 164 255 255
255 255 164   0   0  15  20  38 234 239 186  20   2 164 255 255
255 255 164  17 163  36   0   7  82  89 105 163  17 164 255 255
255 255 164  20 197  43  19  51   4   0  55 252  26 164 255 255
255 255 164   0   0   0  89 232  20   0  55 252  26 164 255 255
255 255 164   0   0   0   9  24   2   0   6  26   3 164 255 255
255 255 222 164 164 164 164 164 164 164 164 164 164 222 255 255
255 255 255 255 255 255 255 255 255 255 255 255 255 255 255 255
255 255 255 255 255 255 255 255 255 255 255 255 255 255 255 255
255 255 255 255 255 255 255 255 255 255 255 255 255 255 255 255
255 255 255 255 255 255 255 255 255 255 255 255 255 255 255 255
255 255 222 164 164 164 164 164 164 164 164 164 164 222 255 255
255 255 164   3  26   6   9  24   2  17  20   0   0 164 255 255
255 255 164  26 247  54  88 228  19 161 193   0   0 164 255 255
255 255 164   6  54 163 145  50   4 161 235 193  20 164 255 255
255 255 164   0   0 193 191  88  88 135 180 247  26 164 255 255
255 255 164   0   0 178 228 229 246 100  65 228  24 164 255 255
255 255 164   0   0  15  19  37 229 235 182  19   2 164 255 255
255 255 164  17 161  35   0   7  81  88 104 161  17 164 255 255
255 255 164  20 193  42  19  50   4   0  54 247  26 164 255 255
255 255 164   0   0   0  88 228  19   0  54 247  26 164 255 255
255 255 164   0   0   0   9  24   2   0   6  26   3 164 255 255
255 255 222 164 164 164 164 164 164 164 164 164 164 222 255 255
255 255 255 255 255 255 255 255 255 255 255 255 255 255 255 255
255 255 255 255 255 255 255 255 255 255 255 255 255 255 255 255
